91.6
92.6
90.6
92.8
92.1
92.7
92.2
91.3
92.0
92.3
91.5
91.6
91.9
92.5
92.3
92.2
91.5
92.0
91.6
92.2
91.7
92.2
92.1
92.5
91.6
91.9
92.2
92.0
92.5
91.9
91.3
92.0
92.4
91.7
92.6
92.5
91.7
91.8
92.3
92.1
92.6
91.3
92.1
91.5
92.1
92.8
92.4
92.1
92.5
92.3
92.3
92.3
92.1
92.4
92.6
92.2
92.6
92.4
92.6
92.9
91.7
92.2
92.7
92.6
92.6
92.1
92.6
92.5
92.7
92.0
92.2
92.8
91.9
92.4
92.8
92.6
92.5
92.8
92.9
93.0
93.0
93.0
93.3
91.8
92.5
92.9
92.4
92.2
92.7
93.0
92.6
92.3
92.6
92.8
92.2
92.6
93.2
93.0
92.7
92.7
93.4
92.1
92.9
92.1
93.0
93.2
92.4
93.0
93.1
92.2
92.3
92.8
92.9
93.0
92.9
92.7
93.0
92.9
92.9
92.5
92.9
93.3
93.1
93.2
93.0
92.8
93.0
92.6
92.5
93.0
92.5
93.1
92.8
92.9
92.8
93.1
92.2
92.7
92.4
92.9
93.0
92.2
92.7
92.8
92.4
93.3
92.9
92.9
92.9
92.6